1 -0.000107
1 -0.000117
1 0.0001275
1 -0.000165
1 -0.000168
1 0.000818
1 0.0008755
1 0.001813
1 0.0019095
1 0.001914
1 0.001994
1 0.0020155
1 0.002157
1 0.002217
1 0.002315
1 0.0023515
1 0.0023955
1 0.0024805
1 0.002635
1 0.002732
1 0.0027945
1 0.002796
1 0.00317
1 0.003201
1 0.003309
1 0.0035945
1 0.0035965
1 0.0036375
1 0.003653
1 0.003743
1 0.004062
1 0.0040825
1 0.0041205
1 0.0041615
1 0.004897
1 0.004949
1 0.0051365
1 0.0053295
1 0.0053985
1 0.005399
1 0.0054055
1 0.0055975
1 0.00569
1 0.0058095
1 0.005839
1 0.0058865
1 0.0060425
1 0.0061455
1 0.006271
1 0.006314
1 0.006329
1 0.006433
1 0.006656
1 0.0071715
1 0.0071785
1 0.007255
1 0.007398
1 0.00777
1 0.0078145
1 0.0078405
1 0.007962
1 0.0080695
1 0.008574
1 0.0086095
1 0.008981
1 0.009062
1 0.0090765
1 0.0092295
1 0.009269
1 0.009426
1 0.009439
1 0.009545
1 0.0098555
1 0.00993
1 0.0100475
1 0.0100695
1 0.0101765
1 0.010298
1 0.0104745
1 0.010617
1 0.0109585
1 0.0110485
1 0.011062
1 0.0114755
1 0.0115505
1 0.0115705
1 0.0116405
1 0.0116595
1 0.0117015
1 0.0117045
1 0.011821
1 0.011828
1 0.0121
1 0.012334
1 0.013108
1 0.0132395
1 0.013715
1 0.013835
1 0.0138915
1 0.0143825
1 0.0144375
1 0.0146865
1 0.0147635
1 0.014819
1 0.0149595
1 0.0151015
1 0.015203
1 0.01531
1 0.01541
1 0.015456
1 0.015758
1 0.0161015
1 0.016154
1 0.0164
1 0.0172875
1 0.017425
1 0.017463
1 0.017756
1 0.017886
1 0.0184415
1 0.018831
1 0.018977
1 0.0193445
1 0.019552
1 0.0199305
1 0.0199485
1 0.0202255
1 0.020282
1 0.020554
1 0.020794
1 0.020843
1 0.021172
1 0.021437
1 0.021617
1 0.0216255
1 0.0219175
1 0.02194
1 0.0219765
1 0.0220975
1 0.0226965
1 0.022899
1 0.023063
1 0.023268
1 0.023421
1 0.0237785
1 0.0239305
1 0.0242745
1 0.024521
1 0.0245385
1 0.025069
1 0.0251375
1 0.025274
1 0.025283
1 0.0253705
1 0.025842
1 0.025887
1 0.02599
1 0.0260265
1 0.0265745
1 0.026833
1 0.0268805
1 0.0269435
1 0.0271595
1 0.0272355
1 0.0274265
1 0.027436
1 0.027462
1 0.027648
1 0.0277345
1 0.0277865
1 0.027803
1 0.0278745
1 0.0281125
1 0.02812
1 0.0282225
1 0.028244
1 0.028355
1 0.0285345
1 0.0286755
1 0.0291775
1 0.0291995
1 0.029464
1 0.029528
1 0.029761
1 0.029855
1 0.030032
1 0.0300725
1 0.0301885
1 0.030358
1 0.030634
1 0.03094
1 0.031039
1 0.0311045
1 0.031186
1 0.031317
1 0.03134
1 0.031456
1 0.031664
1 0.031674
1 0.0321335
1 0.0321365
1 0.032162
1 0.032358
1 0.032486
1 0.032531
1 0.032847
1 0.032936
1 0.0332755
1 0.033382
1 0.0335685
1 0.0337085
1 0.0340065
1 0.0340555
1 0.034193
1 0.034235
1 0.03426
1 0.034463
1 0.03519
1 0.035265
1 0.035392
1 0.0355315
1 0.035694
1 0.035709
1 0.0359105
1 0.036236
1 0.036582
1 0.0369545
1 0.037095
1 0.037403
1 0.037415
1 0.0374885
1 0.0375675
1 0.037627
1 0.038468
1 0.038499
1 0.038803
1 0.039153
1 0.039188
1 0.039666
1 0.039668
1 0.039695
1 0.040007
1 0.0400815
1 0.0403685
1 0.040624
1 0.0409085
1 0.0417265
1 0.041758
1 0.042014
1 0.0420525
1 0.042344
1 0.042869
1 0.042981
1 0.043139
1 0.0435075
1 0.043874
1 0.0443095
1 0.045098
1 0.045191
1 0.0452
1 0.0452335
1 0.045641
1 0.045751
1 0.0458115
1 0.045857
1 0.0460855
1 0.0462275
1 0.046264
1 0.0463
1 0.0463485
1 0.046773
1 0.047299
1 0.047879
1 0.0482085
1 0.04844
1 0.04847
1 0.048506
1 0.048707
1 0.0489125
1 0.049004
1 0.0493595
1 0.049494
1 0.049625
1 0.04972
1 0.049997
1 0.0500495
1 0.050142
1 0.050266
1 0.050459
1 0.050645
1 0.050785
1 0.0509295
1 0.0511395
1 0.051918
1 0.052234
1 0.0522415
1 0.052412
1 0.0525195
1 0.053064
1 0.053937
1 0.054014
1 0.0544155
1 0.0553235
1 0.055425
1 0.055618
1 0.056504
1 0.0571025
1 0.057574
1 0.0580575
1 0.059739
1 0.059919
1 0.060009
1 0.0601325
1 0.060701
1 0.0623965
1 0.0623995
1 0.0632455
1 0.0633295
1 0.063542
1 0.063665
1 0.063828
1 0.0640485
1 0.0642135
1 0.0643755
1 0.064751
1 0.064916
1 0.065029
1 0.0650525
1 0.065158
1 0.0652185
1 0.065326
1 0.065357
1 0.06577
1 0.0662955
1 0.066586
1 0.067009
1 0.067743
1 0.068042
1 0.068894
1 0.0691765
1 0.069247
1 0.0700495
1 0.0704045
1 0.071404
1 0.07187
1 0.072032
1 0.072103
1 0.0721875
1 0.072392
1 0.0732765
1 0.0736815
1 0.073682
1 0.073793
1 0.073802
1 0.074476
1 0.0774455
1 0.0774705
1 0.0783385
1 0.0795745
1 0.0801285
1 0.081885
1 0.081936
1 0.0828745
1 0.083002
1 0.0844335
1 0.0854325
1 0.0858645
1 0.0863075
1 0.0868105
1 0.0872545
1 0.0873925
1 0.08834
1 0.088395
1 0.0888085
1 0.090855
1 0.0914165
1 0.092326
1 0.0939985
1 0.09486
1 0.09518
1 0.095767
1 0.096479
1 0.096707
1 0.0967755
1 0.096945
1 0.0993815
1 0.10069
1 0.101041
1 0.103005
1 0.103359
1 0.103983
1 0.104217
1 0.104556
1 0.104715
1 0.104917
1 0.105303
1 0.107306
1 0.108085
1 0.108468
1 0.108546
1 0.109509
1 0.110122
1 0.110253
1 0.11152
1 0.112035
1 0.113139
1 0.113284
1 0.114374
1 0.114961
1 0.115683
1 0.116245
1 0.118222
1 0.121469
1 0.123861
1 0.125376
1 0.125928
1 0.127588
1 0.128701
1 0.132884
1 0.132966
1 0.134327
1 0.134412
1 0.13697
1 0.13784
1 0.139957
1 0.144089
1 0.144476
1 0.145815
1 0.147857
1 0.149059
1 0.149096
1 0.156491
1 0.156816
1 0.159276
1 0.164033
1 0.165566
1 0.166143
1 0.169749
1 0.173452
1 0.178112
1 0.179662
1 0.182407
1 0.184091
1 0.184674
1 0.191744
1 0.194606
1 0.19816
1 0.198253
1 0.200455
1 0.203367
1 0.206756
1 0.211197
1 0.212992
1 0.215757
1 0.216451
1 0.219803
1 0.222775
1 0.226823
1 0.239885
1 0.247985
1 0.24843
1 0.253718
1 0.254046
1 0.255698
1 0.255844
1 0.270594
1 0.275637
1 0.301891
1 0.349739
1 0.35085
1 0.36017
1 0.362125
1 0.362847
1 0.369783
1 0.385349
1 0.439221
1 0.475708
1 0.536115
1 0.544432
1 0.613748
1 0.645404
1 0.702154
1 0.771961
1 0.787387
1 0.880183
1 0.897608
1 0.927494
1 8.5e-05
2 0.0001135
2 0.000116
2 0.00012
2 -0.0001275
2 -0.000131
2 0.000138
2 0.000147
2 0.000174
2 -0.000192
2 -0.0002015
2 -0.000204
2 0.0002115
2 -0.0002125
2 -0.000223
2 0.000225
2 0.0002435
2 -0.0002535
2 -0.000259
2 0.000269
2 -0.000278
2 -0.0002785
2 -0.0002905
2 0.0002915
2 0.000313
2 -0.000336
2 0.0003585
2 -0.0003735
2 -0.000377
2 -0.000382
2 -0.0004095
2 -0.0004275
2 -0.000435
2 -0.0004455
2 0.0004465
2 0.000452
2 0.0004685
2 -0.000474
2 -0.000481
2 -0.0004815
2 -0.0005025
2 -0.000503
2 0.0005045
2 0.00052
2 -0.000521
2 -0.00054
2 -0.0005425
2 0.0005575
2 0.000572
2 0.0005775
2 0.000579
2 -0.0005835
2 -0.0006095
2 -0.000618
2 -0.0006245
2 -0.000625
2 -0.000631
2 0.0006345
2 -0.000647
2 -0.000651
2 0.000707
2 -0.000708
2 0.000723
2 0.000724
2 -0.000737
2 0.000757
2 -0.0007605
2 0.000768
2 0.000799
2 0.000812
2 0.0008165
2 -0.0008225
2 0.000851
2 -0.0008555
2 -0.0008775
2 0.000924
2 -0.000927
2 -0.000941
2 -0.0009465
2 -0.0009505
2 -0.000972
2 -0.00099
2 0.001002
2 0.0010255
2 0.001034
2 0.0010815
2 0.001101
2 -0.001115
2 -0.0011345
2 0.001139
2 -0.001155
2 0.00117
2 0.001185
2 -0.001188
2 0.0011895
2 0.001202
2 -0.0012085
2 0.00122
2 -0.001266
2 -0.0012685
2 0.0012985
2 -0.0013155
2 -0.00133
2 0.0013585
2 -0.001393
2 -0.0013935
2 -0.0014295
2 0.001495
2 0.001515
2 -0.0015175
2 -0.0015325
2 -0.0015365
2 -0.001557
2 -0.001593
2 0.0016285
2 0.001654
2 0.001665
2 -0.001666
2 -0.001703
2 -0.001716
2 0.001726
2 0.0017275
2 0.001741
2 0.0017465
2 0.0017815
2 -0.001806
2 0.0018955
2 0.0019255
2 -0.001934
2 0.0019375
2 -0.001947
2 0.001951
2 -0.001958
2 0.001965
2 -0.0020175
2 0.00202
2 0.0020205
2 -0.002043
2 -0.002073
2 0.002085
2 0.00209
2 -0.002132
2 -0.0021855
2 0.002205
2 0.002218
2 -0.0022365
2 0.002279
2 0.0022925
2 0.002301
2 0.002337
2 -0.0023585
2 0.002408
2 -0.002433
2 0.0025205
2 -0.002545
2 0.002551
2 -0.002559
2 0.002629
2 -0.0026725
2 -0.002707
2 0.00278
2 -0.002872
2 0.002928
2 0.002935
2 -0.00296
2 -0.003007
2 -0.0030115
2 0.0030185
2 0.0030365
2 0.003038
2 0.0030475
2 -0.0030725
2 -0.003107
2 0.003117
2 0.003194
2 -0.003207
2 0.0032475
2 0.003318
2 0.003343
2 -0.0034035
2 -0.003528
2 0.003633
2 0.003649
2 0.003651
2 0.003674
2 0.0037635
2 -0.003811
2 -0.003913
2 -0.0039405
2 0.0039715
2 -0.004077
2 -0.004082
2 0.004082
2 0.0043325
2 0.004456
2 0.004711
2 0.0047205
2 0.004722
2 0.0049015
2 0.0049855
2 0.0049975
2 -0.005116
2 -0.0052355
2 0.0052705
2 0.0055115
2 0.0056945
2 0.005746
2 0.0058175
2 0.005919
2 -0.0059935
2 -0.006047
2 -0.0060595
2 0.006085
2 -0.0060895
2 -0.0062245
2 -0.00633
2 0.006818
2 -0.007289
2 0.0073135
2 -0.007562
2 -0.0075995
2 0.007629
2 0.0076635
2 0.007812
2 -0.0079675
2 0.008016
2 0.0082255
2 -0.008439
2 0.0084805
2 -0.008852
2 0.00899
2 0.009261
2 0.0094515
2 -0.0098785
2 0.0099165
2 -0.010008
2 0.010415
2 -0.010845
2 -0.01144
2 -0.011445
2 0.011586
2 -0.0119785
2 0.0120035
2 0.0125085
2 0.012757
2 -0.0132785
2 0.0133425
2 -0.013343
2 -0.0133865
2 0.014201
2 0.015153
2 -0.0159625
2 0.016236
2 -0.018793
2 -0.01913
2 -0.020773
2 0.0217585
2 0.0238085
2 -0.024275
2 -0.024592
2 0.0252775
2 0.026738
2 0.026896
2 -0.028669
2 -0.0348735
2 -0.0434905
2 -0.0661645
2 -0.075758
2 -0.0915065
2 0.0941805
2 -0.099416
2 0.114082
2 0.119361
2 0.212341
2 0.215031
2 -0.217553
2 -0.384925
2 -0.439433
2 -2.2e-05
2 3.85e-05
2 4.5e-05
2 5.35e-05
2 6.5e-06
2 -8.25e-05
3 -0.0001045
3 -0.0001465
3 -0.0001995
3 0.0002005
3 0.000204
3 0.0002055
3 -0.000221
3 0.00023
3 -0.000284
3 -0.000318
3 -0.000324
3 0.000347
3 0.0003935
3 -0.00042
3 -0.000428
3 0.000499
3 -0.000551
3 -0.000558
3 -0.0005795
3 0.000704
3 0.000721
3 0.0007405
3 -0.0008055
3 0.0008115
3 0.000831
3 0.000876
3 -0.0008815
3 -0.000887
3 -0.000907
3 0.000945
3 0.000954
3 0.000997
3 -0.00105
3 0.001075
3 -0.001152
3 0.001156
3 0.001181
3 -0.0012295
3 0.0012715
3 -0.001272
3 0.0013025
3 0.001387
3 -0.001425
3 -0.0014445
3 0.001504
3 -0.0015775
3 0.0015905
3 -0.001629
3 -0.001672
3 0.0016725
3 0.0016745
3 -0.001741
3 -0.001762
3 0.0017725
3 0.001811
3 0.001854
3 0.001934
3 0.001957
3 -0.0020075
3 -0.002054
3 0.002119
3 -0.002142
3 0.002171
3 -0.0021935
3 0.002244
3 -0.0022485
3 0.0022945
3 -0.002317
3 0.0023335
3 -0.0024595
3 -0.002499
3 0.0026
3 -0.002743
3 0.0027645
3 -0.002782
3 0.002797
3 0.002801
3 0.002815
3 -0.002822
3 0.002926
3 -0.0029625
3 -0.0031035
3 -0.00324
3 0.003268
3 0.003361
3 0.003362
3 0.0033875
3 -0.0035175
3 0.0035275
3 -0.003529
3 0.003561
3 -0.0037215
3 -0.003801
3 0.003973
3 -0.004393
3 0.0045055
3 0.004516
3 0.0045465
3 -0.004634
3 -0.005062
3 0.0053335
3 -0.00534
3 0.005552
3 0.005673
3 -0.005839
3 -0.005865
3 0.0060815
3 -0.006134
3 0.006139
3 0.006181
3 0.006638
3 -0.0068595
3 -0.0069605
3 -0.0070925
3 -0.0072245
3 0.007552
3 -0.0096735
3 0.0099805
3 -0.010252
3 -0.010319
3 -0.010707
3 0.011753
3 0.012023
3 0.013016
3 0.013798
3 0.0139425
3 0.0141435
3 0.0145895
3 -0.01513
3 -0.016208
3 -0.0162455
3 -0.016396
3 0.0173505
3 -0.017397
3 -0.0176685
3 -0.017804
3 0.018771
3 -0.019392
3 -0.022625
3 0.0231715
3 -0.0248285
3 0.024881
3 -0.025919
3 -0.0301345
3 0.0319195
3 0.031942
3 0.032438
3 0.035103
3 -0.0363465
3 -0.041746
3 0.043607
3 0.0562285
3 0.057275
3 -0.060558
3 -0.067496
3 -0.068429
3 0.0762535
3 -0.0820725
3 -0.149098
3 0.193661
3 0.195973
3 0.37242
3 -0.413074
3 -0.633428
3 1
3 2.4e-05
3 4.5e-05
3 4.9e-05
4 0.0001315
4 0.000145
4 -0.000158
4 0.000231
4 0.000252
4 -0.000269
4 -0.00029
4 -0.0003725
4 -0.000385
4 0.000603
4 -0.0006195
4 0.000775
4 0.000792
4 -0.000828
4 -0.000864
4 -0.0010685
4 0.001075
4 -0.0010955
4 -0.0010995
4 0.0011745
4 -0.0013005
4 -0.001365
4 -0.001381
4 0.001407
4 0.001416
4 -0.001426
4 0.0014825
4 0.001715
4 -0.001717
4 -0.0017465
4 -0.0017525
4 0.001792
4 0.0018245
4 0.0019925
4 -0.002207
4 0.0022335
4 -0.002611
4 0.0026625
4 0.002725
4 -0.0028685
4 0.0029365
4 -0.002968
4 0.0032135
4 0.003285
4 0.0033545
4 0.003362
4 -0.0034295
4 -0.003648
4 0.003767
4 0.0040425
4 -0.004276
4 0.0043065
4 -0.0044815
4 -0.004498
4 -0.004633
4 -0.004786
4 -0.0048495
4 0.0049335
4 -0.005145
4 0.0056095
4 -0.0061105
4 -0.0063675
4 0.006373
4 0.00658
4 0.007454
4 0.0082065
4 -0.0087535
4 -0.0093055
4 0.009767
4 -0.010408
4 -0.0112965
4 -0.012164
4 0.0136825
4 0.014174
4 0.0142205
4 -0.017296
4 -0.0176415
4 -0.0189255
4 -0.020965
4 -0.021368
4 -0.0231365
4 0.023491
4 -0.0255475
4 0.0283325
4 0.0286
4 -0.0291305
4 0.029393
4 0.033045
4 -0.0453825
4 -0.0517955
4 -0.052767
4 -0.053878
4 -0.0578065
4 0.0831485
4 -0.088925
4 -0.106476
4 0.113249
4 0.22124
4 -0.222262
4 -0.266363
4 0.381335
4 -0.488653
4 0.543851
4 0.617491
4 -7.85e-05
4 -8.1e-05
4 9
4 -9.95e-05
5 0.000128
5 -0.000179
5 0.000232
5 0.000235
5 0.000245
5 0.0002675
5 0.000298
5 0.00032
5 -0.000435
5 0.000457
5 -0.000575
5 0.0006235
5 -0.0006555
5 0.0008775
5 0.000996
5 -0.0010155
5 0.001049
5 0.001068
5 -0.0011015
5 0.0012175
5 0.0012865
5 -0.0012875
5 0.001462
5 -0.0014695
5 -0.001477
5 -0.0015595
5 0.001711
5 0.0017685
5 -0.0019515
5 -0.002097
5 0.00222
5 0.002241
5 0.0023135
5 -0.002342
5 0.002497
5 -0.0025765
5 0.0025955
5 0.0030195
5 0.0030575
5 -0.0032115
5 -0.0032135
5 0.003404
5 0.0034285
5 -0.003535
5 -0.003597
5 0.0037055
5 -0.003712
5 -0.0037275
5 -0.0038455
5 -0.003878
5 0.0038985
5 0.003907
5 0.004007
5 -0.004079
5 -0.0041085
5 -0.004397
5 0.0044715
5 -0.004737
5 0.00477
5 -0.0049325
5 -0.005677
5 0.005698
5 0.005883
5 -0.0065105
5 0.006547
5 0.007255
5 -0.0074295
5 0.00881
5 0.008827
5 0.0094345
5 0.010031
5 0.010525
5 0.010882
5 0.011471
5 -0.011508
5 0.01203
5 0.0125815
5 0.0128315
5 -0.013018
5 0.0142455
5 -0.015157
5 0.015344
5 -0.0161675
5 -0.0171045
5 0.017991
5 -0.020387
5 -0.021387
5 -0.021516
5 0.022231
5 -0.0266355
5 0.0271975
5 -0.0272005
5 0.027421
5 0.027705
5 -0.0398655
5 -0.044441
5 -0.0449355
5 0.046525
5 0.0475515
5 -0.0526125
5 0.055111
5 0.056013
5 -0.05984
5 0.065349
5 -0.0659735
5 0.0674315
5 -0.0707525
5 0.070783
5 -0.076142
5 0.080443
5 -0.1338
5 0.160641
5 -0.168674
5 -0.195804
5 -0.218131
5 -0.255039
5 -0.397524
5 -0.417121
5 -0.417248
5 -0.430399
5 -0.567326
5 -0.735974
5 1.8e-05
6 0.00015
6 0.0003505
6 -0.000467
6 -0.000482
6 -0.0008225
6 -0.0008585
6 -0.0008995
6 0.001175
6 -0.001346
6 -0.001386
6 0.001419
6 -0.001611
6 -0.001665
6 0.001929
6 0.0021735
6 -0.002284
6 0.0030365
6 0.003152
6 0.003325
6 -0.0034835
6 -0.0035265
6 -0.003594
6 0.003706
6 -0.003809
6 -0.003951
6 0.0039835
6 -0.004094
6 -0.004315
6 0.004411
6 -0.005334
6 0.0053525
6 -0.006041
6 0.006392
6 0.007463
6 -0.0079015
6 0.0095445
6 0.009593
6 0.009743
6 0.0097615
6 0.010014
6 -0.010254
6 -0.0107685
6 -0.010882
6 -0.0112355
6 0.012265
6 -0.012682
6 0.013261
6 -0.013333
6 0.0145205
6 -0.0156965
6 -0.0194805
6 -0.0200665
6 -0.0203585
6 0.0210645
6 0.0266835
6 -0.0279335
6 -0.0292735
6 0.0309235
6 0.035665
6 0.0409595
6 -0.041993
6 0.045206
6 0.055065
6 -0.059829
6 -0.0638965
6 0.0730945
6 0.0965865
6 -0.103245
6 0.136428
6 0.145707
6 -0.26773
6 -0.291738
6 -0.41921
6 -7.05e-05
6 7.35e-05
7 0.0001215
7 -0.0001475
7 0.0002525
7 0.000293
7 -0.000395
7 0.000451
7 -0.0005675
7 -0.0005825
7 0.000612
7 -0.0006825
7 0.000717
7 -0.0010225
7 0.001617
7 0.0019015
7 0.002015
7 0.002352
7 -0.0023695
7 -0.003356
7 0.003714
7 0.0038125
7 -0.0042555
7 0.004373
7 0.0048335
7 0.005286
7 -0.0056405
7 0.005961
7 0.006178
7 -0.0068335
7 0.006874
7 -0.007154
7 -0.0076905
7 -0.008532
7 -0.008653
7 0.0090305
7 0.0109295
7 0.012133
7 0.0124585
7 0.013181
7 0.014094
7 -0.014157
7 -0.0161545
7 -0.0170765
7 0.020331
7 0.024166
7 0.024415
7 -0.0244745
7 -0.025403
7 -0.039898
7 -0.0615195
7 0.139239
7 0.140481
7 -0.170184
7 0.171851
7 -0.244986
7 0.266117
7 -4.15e-05
8 -0.0003285
8 -0.000428
8 -0.0004325
8 0.000578
8 0.0007715
8 0.0008435
8 -0.00086
8 0.00089
8 -0.000957
8 -0.001181
8 -0.0015125
8 -0.0016775
8 -0.0020595
8 -0.002202
8 -0.002577
8 -0.002756
8 0.0028035
8 -0.003504
8 0.003583
8 0.003726
8 0.004116
8 -0.0042165
8 -0.0045265
8 0.0049275
8 -0.004937
8 0.005084
8 0.005647
8 -0.006003
8 0.006041
8 -0.006793
8 0.006993
8 0.0072345
8 0.0076
8 0.0089145
8 -0.0089695
8 -0.009058
8 0.0092845
8 0.009755
8 0.011806
8 -0.0127255
8 0.014318
8 0.015197
8 0.0161255
8 -0.017377
8 0.0213285
8 -0.0258085
8 -0.0263695
8 -0.026541
8 -0.0278535
8 0.0313615
8 -0.033442
8 0.039275
8 0.053078
8 -0.062734
8 0.062782
8 -0.066502
8 0.0848855
8 0.190808
8 -0.418183
8 0.600648
8 -2
8 2.75e-05
8 3.25e-05
8 5.4e-05
9 0.000225
9 -0.00047
9 0.00047
9 0.000568
9 0.000644
9 -0.0006635
9 0.000865
9 0.0013405
9 -0.0014145
9 0.0015725
9 -0.0017055
9 0.00201
9 -0.0022655
9 -0.002268
9 0.002777
9 -0.003603
9 -0.0047445
9 0.0049685
9 -0.0057595
9 0.006151
9 0.006719
9 0.00688
9 -0.006881
9 -0.007057
9 -0.007539
9 -0.0076255
9 -0.0078405
9 0.0104845
9 0.0105095
9 0.010691
9 0.011456
9 -0.012341
9 0.0130485
9 0.013538
9 0.01426
9 0.0143965
9 0.0156645
9 -0.01578
9 0.0206345
9 -0.0218895
9 0.022935
9 0.033603
9 -0.0353365
9 -0.037373
9 -0.039379
9 -0.040008
9 0.044683
9 0.0629465
9 0.064399
9 0.0720085
9 0.0762475
9 0.082048
9 0.082316
9 0.099724
9 0.101426
9 -0.104287
9 0.157218
9 0.165635
9 -0.180953
9 0.207501
9 0.218431
9 -0.456836
9 0.471983
10 0.00011
10 0.000353
10 -0.0004845
10 0.000577
10 0.0006085
10 -0.0006595
10 -0.0010825
10 -0.0010985
10 0.001748
10 -0.00189
10 0.0019155
10 0.0020575
10 -0.0020895
10 0.0026205
10 -0.002691
10 -0.0030185
10 0.0034455
10 0.0037535
10 -0.0037955
10 -0.0038835
10 -0.004459
10 -0.004482
10 -0.004886
10 -0.004907
10 -0.0051385
10 0.0053975
10 0.0063385
10 -0.0068395
10 -0.007718
10 -0.0079545
10 0.0084325
10 0.008805
10 -0.0098125
10 -0.010001
10 0.0104325
10 -0.0104405
10 -0.010517
10 0.011683
10 0.011873
10 0.011894
10 0.012197
10 0.013736
10 -0.014226
10 0.014239
10 -0.014519
10 -0.0162345
10 -0.0182395
10 0.0183975
10 0.0187015
10 0.0188165
10 -0.0216355
10 -0.0237885
10 0.0253465
10 -0.025687
10 0.0290425
10 -0.033661
10 0.038943
10 0.0408895
10 0.0430075
10 0.0448765
10 -0.0470865
10 0.051807
10 -0.0518815
10 0.0608885
10 -0.064486
10 -0.0973985
10 0.102161
10 -0.196159
10 0.197244
10 -0.229876
10 -0.235494
10 -0.506553
10 -0.682238
10 -5.5e-06
10 -7.25e-05
11 -0.000138
11 -0.0003775
11 0.000583
11 0.000765
11 -0.0010905
11 -0.0018055
11 -0.0024385
11 -0.00245
11 0.0024605
11 -0.002537
11 -0.002543
11 -0.002889
11 -0.004045
11 -0.004049
11 -0.0041625
11 0.004614
11 -0.0052915
11 0.005355
11 0.005559
11 0.0060685
11 0.007139
11 0.00839
11 0.0084555
11 -0.0086125
11 0.008775
11 0.009317
11 0.010236
11 0.011961
11 0.0126915
11 -0.013764
11 0.0139955
11 -0.016434
11 0.0191475
11 0.019299
11 -0.019978
11 0.0213025
11 0.0216235
11 0.0221905
11 -0.022781
11 0.0244225
11 0.0245165
11 0.024911
11 0.025525
11 0.0263355
11 -0.029745
11 -0.0300585
11 0.0309325
11 -0.032508
11 -0.0385065
11 0.0429695
11 -0.043395
11 0.0442415
11 -0.044511
11 -0.0447705
11 -0.073016
11 0.080693
11 0.117191
11 -0.119704
11 0.146145
11 0.185147
11 -0.203604
11 -0.208002
11 -0.234093
11 0.24117
11 -0.302043
11 -0.314472
11 -0.317171
11 -0.317873
11 -0.319037
11 -0.319591
11 0.896507
11 9.15e-05
12 0.0003235
12 0.0005845
12 0.000696
12 0.0008285
12 -0.0012365
12 -0.001324
12 0.001821
12 -0.00186
12 0.0019065
12 -0.0025625
12 0.003434
12 0.003522
12 -0.0036305
12 0.004052
12 -0.004891
12 -0.0049505
12 -0.005026
12 -0.005927
12 -0.006545
12 -0.0066075
12 -0.006911
12 -0.0081915
12 -0.010869
12 -0.0120225
12 -0.0121525
12 0.0127855
12 0.014221
12 0.014275
12 -0.0151635
12 -0.0153955
12 -0.015849
12 -0.0164585
12 0.0176705
12 0.0208685
12 -0.0210415
12 0.0218775
12 0.022509
12 -0.0289775
12 -0.034907
12 -0.0351575
12 0.035178
12 -0.0369595
12 -0.04424
12 -0.052961
12 -0.057765
12 -0.057865
12 0.0684115
12 -0.07213
12 -0.082795
12 -0.100634
12 0.26937
12 -0.28182
12 0.368248
12 -0.387307
12 0.538447
12 0.556223
12 -0.751595
12 -0.753472
13 -0.0002025
13 0.0003915
13 -0.000393
13 0.0005185
13 0.000524
13 0.000636
13 0.0014315
13 0.0015205
13 0.001547
13 -0.0019425
13 0.0020145
13 0.002051
13 -0.002083
13 -0.002135
13 0.002202
13 0.0023855
13 0.002426
13 0.0026965
13 0.002727
13 0.002884
13 0.0034875
13 -0.0047855
13 -0.00481
13 0.005745
13 -0.006047
13 0.006154
13 -0.006833
13 -0.007815
13 -0.007987
13 0.0080075
13 -0.0103695
13 0.010841
13 -0.0109755
13 -0.0111165
13 0.0122715
13 0.0158935
13 -0.0171375
13 -0.017415
13 0.01763
13 -0.017885
13 0.020205
13 -0.0205935
13 0.020687
13 0.023487
13 -0.025521
13 0.028377
13 -0.035731
13 -0.037036
13 -0.041001
13 -0.043902
13 -0.0466995
13 -0.04805
13 0.0568695
13 0.0670405
13 -0.077067
13 -0.088628
13 -0.091344
13 -0.134379
13 0.145566
13 0.248886
13 -0.288169
13 -0.304997
13 -0.333674
13 -2.15e-05
14 -0.000253
14 0.000401
14 -0.000818
14 0.001184
14 -0.001434
14 -0.002354
14 -0.0025255
14 -0.002554
14 -0.002893
14 -0.0030405
14 0.003737
14 -0.0051025
14 -0.0061295
14 0.006639
14 -0.006776
14 0.007469
14 0.008212
14 -0.008507
14 -0.009088
14 -0.0106805
14 -0.01114
14 0.01123
14 0.0112565
14 -0.011376
14 0.011631
14 0.0126805
14 0.014143
14 0.015707
14 -0.0168035
14 0.0177455
14 0.0183565
14 -0.019494
14 -0.0197895
14 0.0236925
14 -0.02373
14 -0.024812
14 -0.025884
14 -0.028494
14 0.030698
14 -0.035363
14 0.0363315
14 0.03695
14 -0.037483
14 0.037989
14 -0.0383265
14 -0.04838
14 0.063004
14 -0.087021
14 0.103775
14 -0.176437
14 0.218223
14 -0.284563
14 0.295901
14 -0.364527
14 0.801316
14 -1.18615
15 0.0001175
15 0.0001675
15 -0.0002365
15 -0.000526
15 0.0007675
15 0.0008
15 0.00085
15 0.001139
15 -0.0011995
15 0.001444
15 -0.002123
15 -0.0022665
15 -0.0022965
15 -0.0024575
15 -0.0028285
15 -0.0029245
15 -0.0030645
15 -0.003336
15 -0.0042905
15 0.004386
15 -0.004387
15 -0.0044185
15 0.004529
15 0.0047125
15 0.005419
15 -0.0055145
15 0.005731
15 0.006635
15 -0.0067035
15 0.007097
15 -0.007358
15 -0.007402
15 0.008448
15 0.0086835
15 0.0091115
15 -0.010223
15 0.0107275
15 0.010862
15 0.0111915
15 0.0119015
15 -0.0121635
15 0.012452
15 -0.012549
15 0.0136035
15 -0.0143565
15 -0.0145355
15 -0.01511
15 0.015642
15 0.016933
15 0.017687
15 0.018309
15 0.018989
15 0.0192545
15 0.019895
15 -0.021248
15 0.021565
15 0.021762
15 0.021867
15 0.0219655
15 -0.022215
15 0.022403
15 -0.0235095
15 -0.024314
15 -0.0243265
15 0.0251135
15 0.0264305
15 0.0293095
15 -0.029592
15 -0.0311915
15 -0.034783
15 0.0358965
15 -0.0407205
15 -0.0409145
15 0.0413285
15 0.0417685
15 0.0423645
15 0.0455275
15 -0.0477315
15 0.0515005
15 -0.0925915
15 -0.0954415
15 0.098652
15 0.136219
15 -0.320348
15 -5.2e-05
16 -0.000412
16 0.000609
16 -0.0007765
16 -0.000875
16 -0.0009215
16 -0.0010725
16 0.0010745
16 0.001214
16 -0.001277
16 -0.0022515
16 -0.002267
16 0.002374
16 0.0024345
16 0.0026875
16 -0.002762
16 0.0031
16 0.0041145
16 0.004445
16 -0.004794
16 0.005291
16 0.0055045
16 0.005774
16 0.006649
16 0.0068765
16 -0.007035
16 0.007131
16 0.0086495
16 0.008905
16 0.0090935
16 -0.0092005
16 0.0098825
16 0.009997
16 0.011019
16 0.011396
16 -0.0116965
16 -0.011882
16 0.0138665
16 0.015872
16 0.0175585
16 0.0182645
16 0.019198
16 0.019426
16 0.0194515
16 0.021723
16 -0.0224365
16 0.0244025
16 -0.026666
16 -0.028158
16 0.032879
16 -0.0382865
16 0.0414965
16 -0.050072
16 -0.050901
16 0.0974485
16 0.099662
16 -0.117858
16 -0.196139
16 -0.356963
16 -0.396587
17 0.000214
17 -0.000223
17 -0.000245
17 -0.0005665
17 -0.000679
17 0.0008415
17 0.0011785
17 0.0026955
17 -0.002775
17 -0.003217
17 -0.003435
17 0.0034765
17 -0.0040975
17 -0.004175
17 -0.005336
17 0.0053805
17 0.005763
17 -0.0066585
17 0.007319
17 0.007381
17 0.0074825
17 0.010026
17 0.0108675
17 0.011633
17 -0.011717
17 -0.0121075
17 0.012372
17 0.013115
17 0.014653
17 0.0149425
17 0.0154465
17 -0.0160755
17 -0.0167915
17 0.0176905
17 -0.0182285
17 -0.0195995
17 -0.0201965
17 0.0206
17 -0.0210775
17 -0.021481
17 0.0254
17 0.025627
17 -0.0268585
17 -0.02915
17 0.0296855
17 0.0346855
17 0.0348855
17 0.042045
17 -0.0589185
17 0.059772
17 -0.0657695
17 -0.0823035
17 -0.099627
17 0.286784
17 0.306648
17 0.324812
17 0.421878
17 -8.75e-05
18 0.001593
18 -0.002003
18 0.00232
18 0.0023785
18 0.00273
18 0.002739
18 0.0027465
18 0.00315
18 0.004069
18 -0.004206
18 0.004532
18 -0.004881
18 -0.005234
18 0.0060345
18 -0.0064115
18 -0.0068535
18 -0.008237
18 -0.009123
18 -0.010288
18 -0.0112695
18 -0.011864
18 0.011896
18 0.012313
18 0.014364
18 0.0157015
18 0.016977
18 -0.017877
18 -0.0187725
18 -0.019899
18 0.0206375
18 -0.0206995
18 -0.0211585
18 0.0261795
18 0.031201
18 -0.032758
18 -0.0384405
18 -0.043882
18 -0.048811
18 -0.054898
18 0.059224
18 0.0665485
18 0.0766015
18 0.0988335
18 -0.197578
18 -0.274722
18 1.23067
19 -0.0002345
19 -0.000692
19 0.001876
19 0.00225
19 0.002504
19 0.0025485
19 -0.0027005
19 -0.0032595
19 0.0038445
19 -0.004949
19 0.005437
19 0.006123
19 0.0071705
19 0.009948
19 -0.0112535
19 -0.0118095
19 -0.0124355
19 0.0151985
19 -0.0152955
19 -0.016992
19 -0.022692
19 -0.02436
19 0.0247995
19 0.0249755
19 -0.0281895
19 -0.028314
19 0.047879
19 -0.049092
19 -0.052369
19 0.0865185
19 0.095217
19 -0.123553
19 -0.164531
19 -0.194662
19 -0.247036
19 -0.249768
19 0.452342
19 -0.472634
20 0.000967
20 -0.0012065
20 0.00129
20 0.002007
20 0.002226
20 0.0025685
20 0.002742
20 0.00279
20 0.0033365
20 0.003982
20 -0.004196
20 -0.004203
20 -0.004247
20 -0.004292
20 0.004971
20 -0.005422
20 0.005521
20 -0.005615
20 0.006001
20 0.006041
20 -0.006682
20 0.007724
20 -0.008004
20 0.0086455
20 0.008997
20 0.0095575
20 -0.009806
20 -0.0101755
20 -0.010566
20 0.0109805
20 -0.011641
20 -0.0118265
20 0.011972
20 -0.0120815
20 -0.013898
20 -0.0141005
20 -0.014322
20 -0.0155565
20 0.015622
20 0.0172335
20 0.017921
20 -0.0198775
20 0.0204515
20 -0.0313165
20 0.032943
20 -0.03376
20 0.034369
20 -0.0372475
20 0.038256
20 0.0588625
20 -0.071177
20 -0.0750005
20 -0.0857125
20 -0.106915
20 0.142017
20 0.286737
20 -0.3106
20 -0.311556
20 0.720732
20 0.776228
21 -0.0003265
21 0.0004655
21 -0.0010605
21 -0.0013145
21 0.0017895
21 -0.001955
21 -0.002191
21 0.002648
21 0.003073
21 -0.0034605
21 -0.003685
21 -0.0040315
21 -0.0042365
21 0.0044175
21 0.0044425
21 -0.005532
21 0.005701
21 0.006352
21 -0.006465
21 -0.006916
21 0.0076625
21 -0.007889
21 0.0088425
21 -0.010751
21 0.011816
21 -0.0118575
21 0.012191
21 -0.0126245
21 -0.0148665
21 -0.016669
21 -0.016782
21 0.021417
21 -0.022147
21 0.022763
21 -0.023095
21 0.023414
21 -0.0238165
21 0.025396
21 -0.026714
21 0.033979
21 0.036907
21 0.0411295
21 -0.045368
21 0.066486
21 0.094406
21 -0.097731
21 -0.105861
21 0.126972
21 0.132312
21 -0.167203
21 -0.19315
21 0.199315
21 0.24105
21 -0.279299
21 0.30386
21 0.533935
21 3.25e-05
22 0.000227
22 0.0005145
22 0.0006695
22 -0.000824
22 -0.001032
22 0.001061
22 0.001499
22 -0.0016245
22 0.001947
22 0.002309
22 -0.003021
22 -0.0031225
22 0.0031795
22 0.003206
22 0.003437
22 -0.0037815
22 -0.0041315
22 -0.004784
22 -0.0048255
22 0.0056425
22 0.006009
22 0.006407
22 0.0070015
22 0.0070725
22 0.0074095
22 -0.0076605
22 -0.007754
22 0.0078855
22 0.008641
22 -0.008996
22 0.0101775
22 -0.011274
22 0.011504
22 -0.015039
22 -0.015261
22 -0.0157435
22 -0.0172075
22 -0.018234
22 0.018242
22 0.018947
22 -0.019301
22 0.019712
22 0.020237
22 0.0275855
22 0.028721
22 0.030617
22 -0.030853
22 0.03134
22 -0.031629
22 0.034535
22 0.036015
22 0.043833
22 -0.0470405
22 0.0473105
22 -0.059248
22 -0.067171
22 -0.128601
22 0.166612
22 -0.199829
22 -0.258564
22 0.424254
22 0.876709
22 -4.8e-05
23 0.0002545
23 -0.000592
23 0.000867
23 -0.0009705
23 0.001141
23 -0.001523
23 0.0015245
23 -0.001953
23 -0.0022455
23 -0.002383
23 -0.0023935
23 -0.0036105
23 0.0040785
23 0.004348
23 0.0044235
23 -0.004669
23 0.0051475
23 0.005209
23 -0.0060965
23 0.006456
23 0.0065885
23 0.006641
23 0.007821
23 -0.008514
23 0.0085785
23 -0.009178
23 0.0104425
23 0.010886
23 -0.011646
23 0.011962
23 0.012458
23 0.013558
23 0.013638
23 0.014228
23 -0.014577
23 -0.014976
23 0.015543
23 0.0157455
23 -0.017188
23 -0.0176415
23 0.018218
23 -0.0194305
23 0.0195745
23 -0.0199295
23 0.020318
23 0.0220955
23 -0.0250025
23 -0.027182
23 0.027389
23 -0.035801
23 0.048626
23 -0.051176
23 0.057504
23 0.085765
23 -0.0936815
23 0.100929
23 -0.268419
23 -0.274641
23 -0.291554
23 0.450591
23 0.530896
23 0.57592
23 0.821345
24 -0.00023
24 -0.000361
24 0.0005145
24 -0.0005265
24 -0.0005445
24 -0.0008285
24 -0.0010225
24 0.001724
24 -0.0026225
24 -0.003277
24 -0.003503
24 0.0038305
24 -0.0038415
24 -0.00399
24 -0.004723
24 0.00568
24 -0.006507
24 0.0070095
24 -0.007215
24 0.008954
24 -0.0091995
24 0.0100025
24 -0.0101125
24 0.0101255
24 -0.010985
24 -0.011079
24 -0.011809
24 0.0125825
24 -0.015222
24 0.0153135
24 0.015566
24 0.015672
24 0.01687
24 0.0174365
24 0.0176545
24 -0.0181
24 0.0181845
24 -0.020159
24 0.0208795
24 0.0210115
24 0.0211705
24 -0.022705
24 -0.0237585
24 0.0265715
24 0.032036
24 -0.032139
24 0.033459
24 0.034333
24 -0.035197
24 -0.035281
24 -0.0392055
24 -0.04266
24 -0.0431265
24 0.0441225
24 -0.0490735
24 -0.052466
24 0.0984625
24 -0.170821
24 0.18297
24 0.244673
24 -0.27783
24 -0.632499
24 0.716719
25 -0.0001045
25 0.0004565
25 -0.001082
25 -0.0012985
25 0.00137
25 -0.001412
25 -0.0021545
25 0.0021845
25 0.002288
25 0.0023375
25 0.002371
25 -0.0031865
25 -0.0032805
25 -0.003736
25 0.004176
25 -0.00454
25 -0.005088
25 -0.0064845
25 -0.0073075
25 0.008927
25 0.010289
25 -0.010808
25 0.0110825
25 0.0111495
25 0.011916
25 0.0123185
25 0.014481
25 0.0146375
25 0.0167325
25 -0.017651
25 0.017798
25 0.0206635
25 0.0215265
25 0.022272
25 0.0232535
25 0.0256565
25 0.041379
25 -0.049827
25 -0.058665
25 0.064812
25 0.117212
25 -0.144624
25 0.15043
25 -0.167262
25 0.496906
25 -0.665678
25 -0.67
26 -0.000182
26 0.000247
26 -0.0004395
26 0.0004965
26 -0.001677
26 -0.0018895
26 0.0026985
26 0.0031605
26 -0.003402
26 -0.003867
26 0.0038955
26 -0.003957
26 0.0040345
26 -0.004116
26 -0.0043865
26 -0.0044755
26 -0.004781
26 -0.005016
26 -0.0067225
26 -0.00673
26 -0.0070755
26 -0.007116
26 -0.0087025
26 0.0087275
26 -0.009037
26 -0.0091115
26 -0.0091905
26 -0.0096695
26 0.0128395
26 -0.0129185
26 0.013002
26 -0.01466
26 -0.0161455
26 -0.016605
26 0.0212475
26 0.02179
26 0.023792
26 -0.028053
26 0.0348125
26 -0.035185
26 0.037721
26 0.0388775
26 -0.0396215
26 0.0453605
26 0.0467975
26 -0.050585
26 0.0538775
26 0.054584
26 -0.054642
26 -0.070027
26 0.077641
26 0.079235
26 -0.0922215
26 0.114763
26 -0.116713
26 0.125165
26 0.130791
26 -0.141713
26 -0.150985
26 0.242623
26 -0.657346
27 -0.0002765
27 -0.0003285
27 0.0005285
27 -0.0005685
27 0.0011195
27 -0.00124
27 -0.0014205
27 -0.001549
27 0.0016105
27 -0.001669
27 -0.001886
27 -0.002311
27 0.0024605
27 0.0028875
27 -0.0031695
27 -0.0054005
27 -0.0055805
27 0.005886
27 0.006073
27 0.008437
27 0.008499
27 0.0085165
27 -0.008766
27 0.008886
27 0.009341
27 0.0094775
27 -0.0094985
27 -0.010016
27 -0.010306
27 0.011378
27 0.0121695
27 -0.0124145
27 0.012755
27 0.013503
27 -0.013509
27 0.0152575
27 0.0159295
27 0.0159825
27 0.0165085
27 0.016516
27 -0.016556
27 0.016936
27 0.017078
27 0.0174455
27 0.017624
27 0.0179155
27 -0.0189565
27 -0.019228
27 -0.019848
27 0.023664
27 0.024226
27 0.0249025
27 0.024943
27 0.026455
27 0.027374
27 0.027377
27 0.035761
27 0.038285
27 -0.048224
27 0.0580475
27 -0.063386
27 0.0676545
27 0.069287
27 -0.070999
27 0.072913
27 -0.143617
27 -0.252285
27 -0.271734
27 -0.725311
27 -4.65e-05
28 -0.0001645
28 -0.000363
28 0.000464
28 0.0005415
28 -0.0010145
28 0.0013035
28 0.0020055
28 -0.002024
28 -0.002732
28 0.0030855
28 -0.0049255
28 -0.0049265
28 0.004975
28 0.006534
28 0.006892
28 -0.007331
28 -0.0088375
28 0.0093345
28 -0.010422
28 -0.0108145
28 0.012445
28 -0.012456
28 0.0127555
28 -0.012998
28 -0.0132065
28 -0.0155135
28 -0.015977
28 -0.016501
28 0.0175345
28 0.018169
28 -0.018953
28 -0.0189975
28 0.0204005
28 0.0219465
28 0.022404
28 0.028338
28 0.0378665
28 0.038336
28 0.042124
28 0.055035
28 0.060107
28 0.06377
28 0.069787
28 0.070531
28 0.116612
28 -0.152148
28 -0.160494
28 0.176325
28 -0.293071
28 -0.293894
29 0.00038
29 0.0005715
29 0.0006225
29 -0.000688
29 -0.000718
29 0.00135
29 0.001586
29 0.0016425
29 0.002165
29 -0.0026815
29 0.0026855
29 0.002952
29 0.003597
29 0.003836
29 0.003928
29 0.004124
29 0.0042555
29 0.004441
29 0.0046525
29 0.0048365
29 -0.004949
29 0.0052495
29 -0.0055515
29 0.006139
29 -0.006174
29 -0.006187
29 0.006234
29 0.006767
29 -0.007228
29 -0.0078925
29 0.008283
29 -0.0088435
29 -0.0093965
29 -0.009658
29 -0.00997
29 -0.010254
29 0.0102675
29 -0.011175
29 0.012269
29 0.012385
29 0.01243
29 -0.0157135
29 -0.0158145
29 0.0162305
29 0.0162665
29 0.0165075
29 0.0170035
29 0.0176415
29 0.017653
29 0.020315
29 0.020537
29 0.020788
29 0.0223915
29 0.02284
29 0.0232425
29 0.026642
29 -0.029411
29 0.0339945
29 -0.034394
29 -0.0344325
29 0.036133
29 -0.039547
29 -0.0399815
29 0.04064
29 0.041795
29 -0.050101
29 0.061529
29 0.06245
29 0.0650515
29 0.06677
29 0.069639
29 -0.08032
29 -0.111574
29 0.123615
29 0.137817
29 -0.153011
29 0.20894
29 -0.223144
30 0.0001525
30 0.0002575
30 0.000314
30 -0.000599
30 0.001472
30 -0.001585
30 0.0015855
30 -0.0017365
30 -0.0021135
30 -0.0025665
30 0.003191
30 0.003199
30 -0.003553
30 -0.0036045
30 0.0038525
30 0.0038995
30 0.0041195
30 0.0042825
30 -0.0051305
30 0.0055495
30 -0.0057585
30 0.006129
30 0.006527
30 -0.0067295
30 0.00821
30 0.0082805
30 0.008782
30 0.0092365
30 -0.009323
30 0.0098365
30 0.010068
30 -0.010093
30 0.01031
30 0.010744
30 -0.010853
30 0.010857
30 0.0119795
30 0.0120075
30 0.0127225
30 0.012916
30 0.013179
30 0.0134605
30 -0.013846
30 -0.0144205
30 -0.014561
30 -0.014949
30 0.0159595
30 0.0161895
30 0.0165815
30 0.018523
30 0.02001
30 -0.020346
30 0.0205145
30 0.022211
30 0.02437
30 0.024785
30 -0.029799
30 0.031161
30 -0.034732
30 -0.0381865
30 -0.0396065
30 0.040341
30 -0.0466765
30 0.047983
30 0.067595
30 0.0721105
30 0.0747485
30 0.0875895
30 0.099123
30 0.100391
30 0.101844
30 0.107219
30 0.129724
30 0.152352
30 0.155438
30 -0.177458
30 0.178728
30 -0.266819
30 -0.272893
30 0.326677
30 0.733027
31 -0.0002995
31 -0.0005815
31 0.0007325
31 -0.0007615
31 0.000823
31 -0.000917
31 -0.0010015
31 -0.0014095
31 -0.001762
31 0.002053
31 -0.0022795
31 -0.002385
31 0.002971
31 0.0029885
31 0.0031065
31 0.003449
31 0.0037085
31 0.003986
31 0.004022
31 0.004044
31 0.004174
31 -0.0042815
31 0.0044135
31 -0.0050185
31 0.0059655
31 0.006204
31 0.006487
31 -0.006496
31 0.0081085
31 -0.00821
31 0.0090125
31 0.0095975
31 0.01018
31 -0.010637
31 0.0107075
31 0.0110495
31 0.0112505
31 0.0113175
31 0.011334
31 0.012209
31 -0.012487
31 0.012717
31 0.013502
31 0.0135155
31 0.013694
31 -0.014323
31 -0.0148865
31 0.01521
31 0.015446
31 -0.016128
31 0.016291
31 0.0164865
31 0.01657
31 0.017509
31 0.01759
31 -0.0184965
31 0.019362
31 0.0198635
31 0.0209195
31 0.021108
31 0.021571
31 -0.0230435
31 0.0231725
31 -0.025642
31 0.0260645
31 0.026423
31 0.0289055
31 0.029099
31 0.030451
31 -0.031031
31 -0.0313705
31 0.0317655
31 0.032489
31 -0.033381
31 0.0348565
31 0.0369045
31 0.046449
31 -0.053601
31 0.055024
31 0.0574555
31 0.0658675
31 0.0739045
31 0.0839935
31 0.121735
31 0.127002
31 -0.241082
31 -0.257178
31 0.310751
31 0.465328
31 0.837369
31 0.928563
32 -0.000373
32 0.000567
32 0.0007465
32 0.0008065
32 0.000821
32 0.0008325
32 0.0008565
32 -0.0010145
32 -0.0012525
32 0.001254
32 0.0013495
32 -0.001437
32 -0.0016395
32 -0.0016755
32 -0.001706
32 -0.001718
32 0.0018535
32 -0.0023175
32 0.002479
32 -0.0027025
32 -0.002795
32 -0.003273
32 -0.00404
32 -0.004179
32 -0.0043555
32 -0.004407
32 0.0046535
32 -0.0057465
32 -0.00612
32 -0.0061205
32 -0.0067845
32 0.0069405
32 0.0070605
32 -0.007306
32 0.007676
32 0.007806
32 0.0078215
32 0.008009
32 -0.008258
32 0.008576
32 -0.008737
32 -0.009044
32 0.009349
32 0.009675
32 0.0103625
32 0.010387
32 0.0105675
32 -0.0108625
32 0.0113575
32 0.01145
32 0.0116505
32 -0.011652
32 -0.0131505
32 0.013245
32 0.013585
32 0.0138945
32 -0.014277
32 -0.0145595
32 -0.014993
32 -0.015534
32 0.0155345
32 -0.015941
32 0.016512
32 0.0167655
32 0.0173685
32 0.0179135
32 0.018264
32 0.0208225
32 0.0212735
32 0.0217635
32 -0.0231495
32 -0.023656
32 -0.0239305
32 -0.0240095
32 -0.0245105
32 -0.0248975
32 0.0266915
32 0.026762
32 0.0270265
32 0.027178
32 -0.0277975
32 -0.027965
32 0.029267
32 0.029962
32 0.0300635
32 -0.033377
32 0.0351585
32 0.0363095
32 0.037699
32 -0.0390375
32 0.0394815
32 0.040598
32 0.0411105
32 -0.044203
32 0.0463915
32 0.0470565
32 0.0485375
32 0.0507205
32 0.051837
32 0.052911
32 -0.053363
32 0.0546155
32 -0.056495
32 -0.0584425
32 0.0601035
32 -0.0662585
32 0.076903
32 0.099549
32 0.112031
32 -0.112536
32 -0.153147
32 0.208882
32 0.237197
32 -3.8e-05
32 -3.9e-05
32 4.65e-05
33 -0.0001455
33 0.000301
33 -0.0003475
33 0.000372
33 0.000434
33 0.000511
33 0.0005245
33 0.000571
33 -0.000765
33 0.0008005
33 -0.0008275
33 -0.0008495
33 -0.000956
33 -0.0010855
33 0.001088
33 0.001106
33 0.001111
33 0.0011275
33 -0.001169
33 0.0011855
33 0.0011965
33 0.001237
33 0.0012465
33 0.001332
33 0.0013465
33 -0.001399
33 0.00144
33 0.001503
33 0.001507
33 0.001519
33 -0.001524
33 0.0015445
33 0.0018445
33 0.001846
33 -0.001985
33 -0.001999
33 -0.0020245
33 0.0021765
33 0.002206
33 0.002254
33 -0.0023595
33 -0.00236
33 -0.0024075
33 -0.0024515
33 0.0025655
33 -0.002631
33 -0.002864
33 -0.002876
33 0.002878
33 0.002894
33 0.002916
33 -0.0029465
33 0.0029915
33 -0.0030165
33 0.0031405
33 0.00315
33 0.003235
33 0.003292
33 -0.003296
33 -0.0034075
33 -0.003592
33 -0.0036895
33 -0.0037655
33 -0.0038105
33 0.003824
33 -0.003867
33 0.0038815
33 0.0038835
33 0.0039145
33 0.003927
33 0.003955
33 -0.004145
33 0.0042055
33 -0.004287
33 0.004592
33 -0.0047465
33 0.004954
33 0.00497
33 0.0049885
33 0.005041
33 -0.005133
33 0.0053505
33 0.0055735
33 0.0057905
33 0.00587
33 0.005979
33 0.0060165
33 0.0060365
33 0.006275
33 -0.0062755
33 -0.006293
33 0.0062985
33 -0.006365
33 0.0064905
33 -0.0065495
33 -0.00657
33 0.006585
33 0.006587
33 -0.0066085
33 0.006619
33 0.0066695
33 0.0067365
33 0.006753
33 0.006844
33 -0.006898
33 0.0069555
33 -0.00698
33 0.007056
33 -0.0072965
33 0.0073025
33 -0.0073695
33 -0.0074195
33 -0.0078885
33 0.008093
33 -0.0081865
33 -0.0082415
33 0.008323
33 -0.00877
33 -0.0090495
33 -0.009051
33 0.0091585
33 0.009289
33 -0.009349
33 -0.0094785
33 0.009591
33 0.0098005
33 0.0100475
33 0.0102215
33 0.0107665
33 -0.011238
33 -0.011289
33 -0.011504
33 0.011565
33 0.011621
33 0.011656
33 -0.0123365
33 0.012486
33 0.012539
33 -0.0125865
33 0.0126005
33 -0.012704
33 0.0127315
33 -0.012779
33 -0.012803
33 -0.0128815
33 0.0128895
33 -0.012916
33 0.0129625
33 0.013001
33 0.013285
33 -0.013355
33 0.0134215
33 0.0134405
33 0.0140395
33 0.014088
33 0.014127
33 0.0146245
33 -0.014666
33 0.014716
33 -0.0149185
33 0.014919
33 0.0149345
33 -0.01495
33 0.0149615
33 0.0150835
33 -0.0155985
33 0.0162605
33 -0.0163165
33 0.016538
33 0.017409
33 0.018091
33 -0.0195225
33 0.020397
33 0.020539
33 -0.02118
33 -0.0217735
33 -0.021918
33 0.0220915
33 -0.022123
33 -0.0222215
33 0.0222835
33 -0.022486
33 -0.023602
33 -0.0241285
33 0.0244985
33 -0.024875
33 -0.0255795
33 0.0259045
33 -0.0262605
33 0.027601
33 0.0282805
33 -0.0290815
33 0.0292785
33 0.030784
33 0.0312075
33 0.0312265
33 0.032399
33 0.03254
33 0.0325515
33 0.033523
33 0.0336485
33 -0.033676
33 0.0339245
33 0.03417
33 0.0353335
33 0.038144
33 -0.0385735
33 0.0401075
33 -0.042014
33 0.042434
33 0.04343
33 0.0472785
33 -0.047604
33 0.0485545
33 -0.049747
33 0.051439
33 0.0515125
33 -0.052381
33 0.0548485
33 0.0576025
33 0.061036
33 -0.061899
33 -0.064953
33 -0.065427
33 0.065725
33 0.066889
33 0.0680855
33 0.073378
33 -0.073693
33 0.074664
33 0.077922
33 -0.0794975
33 -0.0798305
33 0.0822175
33 -0.083442
33 -0.087876
33 -0.0879965
33 0.0892175
33 0.0895535
33 -0.090981
33 -0.096929
33 -0.101274
33 -0.102214
33 0.104663
33 0.10475
33 0.105689
33 -0.112338
33 0.115605
33 0.121819
33 -0.122359
33 0.1248
33 0.125255
33 -0.139108
33 -0.14407
33 -0.144081
33 -0.144475
33 -0.144772
33 -0.145304
33 0.157183
33 0.15729
33 -0.165273
33 0.18557
33 0.187148
33 0.268533
33 -0.269889
33 -0.270711
33 0.275423
33 0.318018
33 0.318261
33 0.356115
33 0.358529
33 0.378113
33 0.437806
33 -0.463332
33 -0.706314
33 -0.751663
33 0.775601
33 0.907125
34 0.000143
34 0.000147
34 0.0004785
34 -0.0005465
34 0.000584
34 -0.0006395
34 0.000834
34 -0.0008805
34 0.000889
34 -0.000939
34 -0.0010225
34 0.001191
34 0.0012425
34 0.001315
34 0.001343
34 -0.001371
34 0.0014065
34 -0.001582
34 0.0016165
34 -0.001663
34 0.0019605
34 -0.0020435
34 0.002483
34 0.002497
34 -0.002611
34 -0.0026175
34 -0.0027465
34 -0.002799
34 0.002906
34 0.003189
34 0.0033275
34 -0.0033505
34 0.003438
34 0.0035405
34 0.003645
34 -0.004036
34 0.004109
34 -0.004304
34 -0.0044015
34 0.0044225
34 -0.004788
34 0.004909
34 0.0050625
34 0.0051805
34 -0.0052705
34 0.005285
34 -0.0053335
34 0.0054025
34 -0.0054755
34 0.0058465
34 0.006507
34 -0.0065165
34 0.0065615
34 -0.0066755
34 -0.0067345
34 0.00675
34 -0.006805
34 0.006823
34 0.00711
34 0.007314
34 0.007896
34 0.008397
34 0.008439
34 -0.009129
34 0.009129
34 0.0092705
34 -0.0099875
34 -0.0103715
34 -0.01042
34 0.0104775
34 0.0112965
34 -0.0113835
34 -0.0115655
34 -0.011605
34 -0.0116875
34 0.012596
34 0.0137845
34 0.01398
34 0.0144295
34 0.014924
34 0.0149695
34 0.0152335
34 -0.015931
34 -0.016005
34 -0.016646
34 0.017162
34 -0.018104
34 0.0191875
34 0.0197755
34 0.0216415
34 -0.022152
34 0.022969
34 0.0233235
34 -0.024118
34 0.0243875
34 0.024481
34 0.0248465
34 0.025102
34 0.0251045
34 0.0268485
34 0.027081
34 -0.027847
34 0.0285865
34 0.0290115
34 0.030235
34 0.031986
34 0.0322135
34 -0.0332465
34 -0.033249
34 -0.033298
34 -0.033355
34 -0.033482
34 0.0344445
34 0.03468
34 -0.0352715
34 -0.035619
34 0.0357295
34 0.0358655
34 0.036853
34 0.0370965
34 0.0375265
34 0.03894
34 0.03911
34 0.03918
34 -0.0435425
34 0.0436115
34 0.0476875
34 -0.0491475
34 -0.0498105
34 0.05106
34 -0.0512125
34 -0.053335
34 -0.0534035
34 0.053474
34 0.060479
34 0.0619915
34 -0.064165
34 0.064563
34 -0.067098
34 -0.069141
34 0.0721715
34 0.0727645
34 0.0846315
34 0.0854255
34 -0.101899
34 0.120509
34 0.135425
34 0.144927
34 -0.160209
34 -0.178572
34 0.323614
34 -0.634031
34 0.705586
34 6.5e-05
34 7.5e-05
35 -0.00013
35 0.0002895
35 -0.0003495
35 0.000664
35 0.000834
35 -0.001025
35 0.0017755
35 -0.001981
35 0.0020925
35 -0.0023875
35 0.0024005
35 -0.00244
35 0.002727
35 -0.002886
35 0.002901
35 -0.003098
35 0.003232
35 0.0033075
35 -0.003495
35 -0.003601
35 0.0038075
35 0.003817
35 0.0039965
35 0.004005
35 0.0042335
35 0.0042615
35 -0.004781
35 -0.005031
35 0.0058595
35 0.005934
35 0.005966
35 0.006435
35 -0.0065085
35 0.006977
35 -0.007144
35 0.007704
35 -0.008113
35 0.008686
35 0.008857
35 0.0090225
35 -0.009344
35 0.0119645
35 -0.01229
35 0.0125465
35 0.012683
35 -0.012974
35 -0.0130975
35 0.0149485
35 -0.015352
35 0.0156385
35 -0.016762
35 0.0173635
35 -0.018185
35 -0.0182125
35 -0.0182295
35 0.018501
35 0.0191045
35 0.0194785
35 -0.019641
35 -0.019688
35 0.0202405
35 0.0203605
35 0.0204035
35 0.020464
35 0.020518
35 -0.0214585
35 0.0217155
35 -0.0231445
35 0.024322
35 0.0246425
35 -0.0251315
35 0.0266345
35 0.0282945
35 -0.0297345
35 0.0300535
35 0.030184
35 0.030429
35 0.031425
35 0.031849
35 0.0320145
35 -0.032214
35 -0.037283
35 -0.0394585
35 0.042368
35 -0.0430355
35 0.047627
35 -0.0524385
35 0.0559935
35 0.056738
35 0.0589255
35 0.060414
35 0.072434
35 0.0733355
35 0.077143
35 0.0852895
35 0.087789
35 0.090092
35 0.140227
35 0.151698
35 -0.164811
35 -0.165453
35 0.16844
35 0.933588
35 0.960656
35 1.0163
36 0.000824
36 0.0008505
36 0.0012645
36 -0.0018525
36 0.0026645
36 -0.002803
36 0.0028595
36 -0.0030545
36 0.003078
36 0.003371
36 -0.003494
36 -0.003528
36 0.0035475
36 -0.003621
36 0.0039855
36 0.004255
36 0.004685
36 0.0062885
36 -0.0066725
36 -0.0068915
36 -0.0069085
36 -0.0071255
36 0.007726
36 0.0078715
36 0.007961
36 0.0079925
36 0.008044
36 -0.008575
36 -0.0089635
36 0.009382
36 0.0094085
36 -0.0096795
36 -0.0106485
36 0.010805
36 0.0110355
36 0.011268
36 0.012255
36 -0.012408
36 0.012475
36 0.01265
36 -0.014001
36 0.0140275
36 0.0146855
36 -0.0147355
36 -0.0173935
36 0.0182165
36 0.0194895
36 -0.021296
36 -0.022439
36 -0.023343
36 0.027815
36 0.028042
36 0.02829
36 -0.028588
36 -0.0301875
36 -0.031753
36 -0.0319055
36 -0.034123
36 0.0365735
36 -0.0374285
36 0.040909
36 0.043253
36 -0.044062
36 0.044157
36 0.04568
36 -0.05519
36 -0.055803
36 -0.057312
36 0.0738705
36 0.086668
36 0.0960465
36 0.098004
36 0.107021
36 0.11557
36 0.125811
36 -0.129551
36 0.161353
36 0.171589
36 0.178403
36 0.188011
36 0.261257
36 0.270632
37 -0.0005825
37 0.0012635
37 0.001314
37 0.0018305
37 -0.0020875
37 0.002251
37 -0.0025195
37 -0.00261
37 -0.002726
37 0.0033505
37 0.0034965
37 -0.003535
37 -0.0037915
37 0.004113
37 0.0043065
37 0.004673
37 0.005137
37 0.0051815
37 -0.005231
37 -0.005359
37 0.005805
37 0.0058235
37 -0.0059725
37 0.0061765
37 0.0062645
37 -0.006346
37 0.0070155
37 0.007082
37 0.01019
37 0.010193
37 -0.010416
37 0.0106615
37 0.010736
37 0.010743
37 -0.0108295
37 -0.0109535
37 0.011493
37 0.011597
37 0.0118085
37 0.0118325
37 0.0125075
37 -0.012558
37 0.012601
37 0.0134975
37 0.01424
37 0.015761
37 0.01706
37 0.0193985
37 -0.028243
37 0.030138
37 0.0317645
37 -0.0322705
37 0.032695
37 0.033758
37 -0.03484
37 0.0379265
37 -0.0381555
37 0.0393705
37 0.0405455
37 0.042069
37 -0.0431265
37 0.064191
37 0.067415
37 -0.0712575
37 -0.0825045
37 0.089095
37 0.104191
37 0.110135
37 0.115485
37 -0.115771
37 -0.127047
37 0.174713
37 0.199772
37 0.242461
37 -0.245793
37 -0.414694
37 0.417973
37 -7.3e-05
38 -0.0001095
38 -0.0002825
38 0.000335
38 -0.000495
38 -0.0006655
38 0.0007355
38 -0.000938
38 0.0010175
38 -0.0013935
38 0.0014485
38 0.001629
38 0.001687
38 -0.0019395
38 0.002056
38 -0.002169
38 -0.0021885
38 -0.002243
38 -0.002407
38 -0.002636
38 0.00267
38 -0.00271
38 -0.002729
38 -0.002966
38 0.003016
38 0.0030425
38 0.0031415
38 -0.0033725
38 0.0036105
38 -0.003753
38 0.0038335
38 -0.0041445
38 0.0042985
38 -0.0044305
38 0.0045165
38 0.0049545
38 0.005277
38 0.0059715
38 0.006026
38 0.0060635
38 0.006226
38 -0.006452
38 0.006704
38 -0.0067455
38 -0.00675
38 -0.0068175
38 -0.006964
38 -0.0070365
38 -0.007181
38 -0.007183
38 0.0073975
38 0.007917
38 0.0083875
38 -0.008809
38 0.0091745
38 0.00952
38 -0.0098775
38 -0.010229
38 -0.010259
38 -0.0103375
38 -0.0104735
38 -0.01058
38 0.012605
38 -0.012843
38 -0.013375
38 0.0136725
38 0.0138305
38 0.013999
38 -0.0149525
38 0.0170755
38 -0.0172175
38 -0.0173805
38 0.0210325
38 0.0222995
38 0.023093
38 -0.0231615
38 0.0244815
38 0.025977
38 0.027208
38 -0.028397
38 -0.029312
38 -0.0296575
38 -0.0299455
38 -0.030067
38 -0.030259
38 -0.030671
38 -0.0311125
38 0.039776
38 -0.0552655
38 0.0599955
38 0.103397
38 -0.126587
38 -0.130199
38 -0.133907
38 0.175781
38 0.235717
38 0.350838
38 0.399725
38 0.420253
38 0.422264
38 0.430029
39 -0.000212
39 0.000231
39 -0.0006295
39 0.000772
39 -0.001081
39 0.001127
39 0.001506
39 -0.002341
39 0.002608
39 -0.003338
39 -0.003409
39 0.003434
39 0.003839
39 -0.004238
39 -0.007743
39 0.0084525
39 -0.008575
39 -0.009315
39 -0.0098545
39 0.010543
39 0.010834
39 -0.012632
39 0.0127815
39 0.016436
39 0.019289
39 0.019494
39 0.0201175
39 0.0207325
39 0.020917
39 0.0212875
39 -0.0227085
39 -0.0227515
39 -0.0241235
39 -0.025376
39 -0.0264565
39 0.034754
39 -0.037129
39 0.0378115
39 -0.0597895
39 0.065238
39 0.066379
39 0.0766955
39 -0.12632
40 0.0006375
40 0.0006535
40 -0.0008865
40 -0.000953
40 0.000965
40 0.0012385
40 0.001338
40 -0.001489
40 0.001556
40 -0.002995
40 0.003296
40 0.0039945
40 -0.0041495
40 0.004811
40 -0.00521
40 0.0053825
40 0.0055825
40 0.005788
40 -0.005805
40 -0.0064385
40 -0.006885
40 0.0073005
40 0.0079685
40 0.0090105
40 0.009546
40 0.009582
40 -0.010368
40 0.0105695
40 -0.0112065
40 0.0120565
40 0.013296
40 -0.0170845
40 -0.0191715
40 0.019387
40 -0.019883
40 -0.021644
40 0.022712
40 0.0228995
40 -0.0247965
40 0.026845
40 0.0270715
40 0.029336
40 -0.031114
40 0.0363985
40 -0.0430445
40 0.044821
40 -0.0576625
40 -0.0689595
40 0.07432
40 -0.0787195
40 -0.110575
40 0.191873
40 0.233083
40 0.625019
41 -0.000388
41 0.001788
41 0.002261
41 0.003571
41 0.0039305
41 -0.0045655
41 0.0052015
41 -0.0055825
41 0.005937
41 -0.00594
41 -0.006749
41 -0.007144
41 -0.0072495
41 0.007508
41 0.0082785
41 0.010186
41 0.010357
41 0.0110585
41 0.013918
41 0.0164475
41 -0.021391
41 0.023817
41 0.026649
41 -0.0284545
41 0.0323845
41 0.038999
41 -0.042689
41 0.045819
41 0.0478885
41 0.051026
41 -0.059063
41 -0.0656575
41 0.0691195
41 0.0838015
41 0.0910215
41 0.101345
41 0.132899
41 0.146648
41 0.159597
41 -0.175904
41 0.181809
41 0.194505
42 0.0013165
42 -0.001685
42 -0.001985
42 0.002258
42 -0.0030725
42 0.003313
42 -0.0039455
42 0.004379
42 -0.0046315
42 -0.004649
42 0.004981
42 0.007631
42 0.0098285
42 -0.0143505
42 -0.014516
42 -0.0150405
42 0.0154725
42 0.0176235
42 0.018825
42 -0.021303
42 -0.0245755
42 0.0279995
42 -0.0299865
42 -0.0316915
42 0.0340325
42 0.035399
42 0.0463925
42 0.061206
42 -0.068916
42 0.124511
42 -0.148612
42 0.211392
42 9.5e-06
43 -0.000116
43 0.001517
43 -0.002009
43 0.003329
43 0.003782
43 0.004233
43 0.004735
43 -0.0049745
43 -0.0050515
43 -0.0065055
43 -0.007579
43 0.0097395
43 0.0162495
43 0.021527
43 0.021926
43 0.0220045
43 0.0225805
43 0.0225865
43 0.0340325
43 0.035558
43 0.042469
43 0.04844
43 -0.067799
43 -0.073543
43 -0.107564
43 -0.155075
43 -0.381467
43 -5.05e-05
44 0.000906
44 -0.0016705
44 -0.002241
44 0.0039925
44 0.0042315
44 0.006121
44 0.0076585
44 -0.007873
44 0.0092825
44 0.0096075
44 -0.0108865
44 0.0111715
44 -0.0114425
44 -0.0120005
44 0.012027
44 0.01227
44 0.0124835
44 -0.013369
44 0.0174235
44 0.018694
44 0.023731
44 0.0281705
44 0.029972
44 0.034387
44 0.0356045
44 0.03757
44 0.043133
44 0.048954
44 0.0498485
44 0.055395
44 0.057102
44 -0.0650915
44 0.0707295
44 0.110418
44 0.149553
44 4
45 -0.000177
45 0.000251
45 -0.0006
45 0.0008365
45 0.00094
45 -0.001949
45 -0.003478
45 -0.004572
45 -0.004937
45 0.006523
45 -0.0065515
45 -0.006641
45 -0.0084485
45 0.009135
45 0.009228
45 0.010621
45 -0.0107245
45 -0.012013
45 0.012127
45 -0.0129585
45 -0.0131535
45 0.0135165
45 -0.013711
45 -0.014923
45 -0.014938
45 -0.015594
45 -0.016146
45 -0.017637
45 0.0187345
45 0.020939
45 0.022016
45 0.0222945
45 -0.0224825
45 -0.023521
45 0.0278245
45 0.035792
45 -0.042254
45 0.049123
45 0.0568125
45 0.0759755
45 0.100182
45 0.124572
45 0.199355
45 0.301814
45 0.373636
45 0.48211
45 5.3e-05
46 -0.000182
46 -0.0003525
46 -0.001067
46 0.001302
46 -0.002277
46 -0.0024135
46 -0.002622
46 0.0026855
46 -0.0040045
46 0.004694
46 0.005535
46 -0.0057535
46 0.006106
46 0.0099295
46 0.010153
46 -0.010231
46 0.0105925
46 -0.01244
46 -0.012542
46 0.0137055
46 0.01503
46 -0.0157365
46 0.0172375
46 0.017775
46 0.0180425
46 0.018243
46 0.0192555
46 0.020847
46 -0.0222835
46 0.0246085
46 -0.028136
46 0.028502
46 0.0305565
46 0.030584
46 0.0451765
46 -0.0522505
46 0.0555745
46 -0.061959
46 0.0858095
46 -0.109232
46 0.353689
46 -8.1e-05
47 0.001468
47 -0.0014975
47 0.0019885
47 0.002103
47 -0.002229
47 0.003156
47 0.003229
47 0.005033
47 -0.005148
47 0.005525
47 -0.0060965
47 -0.0065045
47 -0.0069385
47 -0.007317
47 0.007495
47 0.009035
47 0.011072
47 -0.013031
47 -0.0152755
47 0.015371
47 0.016883
47 0.0189855
47 -0.021544
47 -0.023833
47 0.028812
47 -0.034103
47 0.0353805
47 0.035981
47 0.040418
47 0.0409365
47 0.043967
47 0.0447015
47 0.045902
47 -0.0482605
47 -0.049121
47 0.0816745
47 -0.0868155
47 -0.097662
47 -0.109171
47 -0.111535
47 -0.116818
47 0.121069
47 0.14265
48 0.000129
48 0.003501
48 -0.0040425
48 0.0040695
48 0.0052105
48 0.005311
48 0.0056695
48 -0.007776
48 -0.0083135
48 -0.008892
48 -0.010221
48 0.0108885
48 0.0117455
48 -0.0117515
48 -0.0122075
48 -0.013313
48 0.014944
48 0.0152425
48 -0.0204855
48 0.021922
48 0.0277835
48 0.0281405
48 0.042638
48 -0.063419
48 0.0666335
49 -0.000815
49 0.001356
49 0.001395
49 -0.00203
49 -0.0023
49 -0.0024935
49 -0.0026055
49 0.0036705
49 -0.004929
49 -0.005537
49 -0.008439
49 0.008683
49 0.0116205
49 0.01505
49 -0.0170515
49 -0.0173615
49 -0.01772
49 -0.0200495
49 -0.020798
49 -0.02181
49 -0.02313
49 0.0235245
49 0.029659
49 -0.0316595
49 0.036032
49 -0.042637
49 0.058272
49 -0.0636525
49 0.164765
49 -0.189012
49 -0.451294
49 0.722646
49 -0.762397
50 0.0004205
50 -0.000423
50 0.001287
50 0.0015425
50 0.0016155
50 -0.0016665
50 0.001881
50 -0.0026355
50 -0.002982
50 -0.0030655
50 0.0076845
50 0.0114155
50 0.0123765
50 0.012882
50 0.013535
50 0.013655
50 0.015011
50 -0.0150285
50 -0.0173965
50 0.0219875
50 0.023019
50 -0.025514
50 0.027844
50 0.029817
50 -0.0300095
50 -0.0365855
50 0.0419185
50 0.046947
50 0.051978
50 -0.067997
50 0.089044
50 -0.0992535
50 0.101387
50 -0.16222
50 0.817927
51 -0.000308
51 0.000356
51 0.0007495
51 -0.000758
51 0.0014885
51 0.001761
51 0.0026255
51 -0.003401
51 -0.003477
51 0.0045525
51 0.0060915
51 0.007287
51 -0.007555
51 0.0096245
51 0.0108965
51 -0.0114815
51 0.011644
51 -0.01239
51 0.0141475
51 -0.014549
51 0.01455
51 -0.0149845
51 -0.015638
51 -0.0167285
51 -0.0172465
51 -0.018647
51 0.0189485
51 0.0214495
51 -0.0250455
51 0.031771
51 0.03401
51 -0.0415425
51 0.0429875
51 -0.0454355
51 0.046407
51 0.062979
51 -0.06304
51 -0.0770865
51 -0.086986
51 -0.091181
51 -0.093667
51 0.102718
51 0.104839
51 0.111737
51 -0.123389
51 0.266701
51 0.30493
51 -1.17724
51 -4.85e-05
52 0.000239
52 -0.000249
52 0.000484
52 0.000496
52 -0.001138
52 0.0024
52 0.002697
52 -0.00337
52 0.005083
52 0.0055175
52 -0.0057985
52 0.006355
52 -0.006822
52 0.007323
52 0.0077765
52 -0.0092515
52 -0.011261
52 -0.0129075
52 0.013202
52 -0.0137415
52 0.0138965
52 0.014238
52 0.01456
52 -0.0160385
52 -0.0167335
52 -0.016951
52 0.023907
52 0.027989
52 0.0283295
52 0.0365575
52 0.0408155
52 0.042938
52 0.0455875
52 0.05451
52 -0.0704735
52 0.0749015
52 -0.09139
52 -0.0914335
52 0.106832
52 -0.177142
52 0.188544
52 -0.189153
52 6.05e-05
52 8.15e-05
53 -0.000469
53 0.000722
53 0.00162
53 0.0017815
53 0.003456
53 0.005931
53 -0.0071495
53 0.0079835
53 -0.0084675
53 -0.009762
53 0.014011
53 0.017985
53 -0.021475
53 0.024291
53 -0.036853
53 0.0474855
53 0.0519845
53 0.063618
53 -0.0973405
53 -0.100243
53 0.113998
53 0.131391
53 0.149802
53 -0.289087
53 0.328076
53 -1.18819
54 -0.0009005
54 -0.0018105
54 -0.0023475
54 0.0028285
54 0.0036065
54 0.003889
54 0.004712
54 0.0053875
54 -0.0061055
54 -0.007168
54 -0.007316
54 -0.007645
54 0.008732
54 -0.01061
54 0.010864
54 0.011921
54 0.0120425
54 0.012892
54 -0.015352
54 0.0166315
54 -0.01842
54 -0.020646
54 -0.0213925
54 0.0238035
54 0.0331785
54 0.034725
54 0.0374605
54 -0.0428215
54 -0.0452155
54 0.056009
54 -0.0623235
54 0.129641
54 -0.219494
54 0.294019
54 -1.20371
54 -1.25016
55 0.0003445
55 -0.000806
55 -0.001669
55 0.0016755
55 0.0022235
55 0.0026155
55 0.004047
55 0.0049845
55 0.0050995
55 -0.0060685
55 -0.008071
55 -0.008106
55 0.009059
55 -0.0109735
55 0.0117
55 -0.0126865
55 0.0135055
55 0.0141245
55 -0.0161635
55 0.016735
55 0.0245215
55 -0.030578
55 -0.0433435
55 -0.052256
55 0.054361
55 0.063972
55 -0.095321
55 0.101106
55 -0.173931
55 0.179022
55 0.18178
55 0.246999
55 -0.29194
55 -0.668492
55 -1.18434
55 3.7e-05
55 7.05e-05
55 8
56 -0.0003595
56 0.0004995
56 -0.0007025
56 -0.001475
56 -0.0015005
56 0.003292
56 0.0034655
56 0.004698
56 -0.006045
56 -0.0068435
56 -0.007146
56 0.0084065
56 0.008779
56 0.010142
56 0.0122
56 0.0131435
56 0.015014
56 0.017059
56 -0.020726
56 0.023035
56 0.0242505
56 0.024608
56 0.024726
56 0.0267175
56 -0.0275185
56 -0.037851
56 0.0441705
56 -0.045983
56 -0.0655605
56 0.186855
57 -0.0002985
57 -0.0005735
57 -0.002422
57 -0.002618
57 0.003534
57 0.003896
57 -0.003983
57 -0.004163
57 -0.004301
57 0.0054985
57 0.005742
57 0.005858
57 0.007449
57 0.0081675
57 -0.011102
57 0.012205
57 -0.013075
57 -0.013478
57 0.0135345
57 0.0138085
57 0.0201785
57 0.0274535
57 -0.028627
57 -0.03393
57 -0.0343755
57 0.0355135
57 0.045327
57 0.051811
57 -0.053156
57 -0.0722565
57 0.093358
57 0.197538
57 0.206414
58 -0.000322
58 -0.000402
58 0.000419
58 0.000544
58 0.000583
58 0.0006575
58 -0.0011915
58 0.0015375
58 -0.0017105
58 -0.00256
58 0.0036195
58 0.0041945
58 -0.0044485
58 -0.004909
58 0.0072005
58 -0.0091615
58 0.01141
58 0.011434
58 0.012386
58 -0.0124855
58 0.0128855
58 0.014867
58 -0.0171085
58 0.0211395
58 -0.023206
58 0.0241685
58 0.0279175
58 -0.028748
58 -0.030114
58 -0.034165
58 -0.036761
58 0.039064
58 -0.056842
58 0.0652955
58 0.086802
58 -0.094885
58 0.114237
58 0.116858
58 0.311851
59 0.0002205
59 0.000697
59 -0.0010115
59 0.001061
59 -0.001095
59 -0.0011325
59 -0.0011975
59 -0.001216
59 -0.001222
59 -0.001765
59 -0.002271
59 -0.0023765
59 0.00266
59 0.003801
59 0.0054185
59 -0.0055915
59 0.0075135
59 -0.007583
59 0.008979
59 -0.0116905
59 -0.012042
59 0.013606
59 0.015806
59 -0.015977
59 -0.0214975
59 -0.0244435
59 -0.0307905
59 0.033435
59 -0.0459455
59 0.046855
59 -0.0582065
59 0.060628
59 0.115605
59 -0.137275
59 0.144789
59 0.196695
59 0.371677
59 -0.404521
60 0.0001795
60 0.000317
60 -0.0004485
60 -0.000572
60 0.0012265
60 -0.0014995
60 -0.0023945
60 -0.006069
60 -0.007722
60 -0.008414
60 -0.0096785
60 0.0122105
60 -0.017913
60 0.0278915
60 0.028868
60 0.03307
60 0.033102
60 -0.0361705
60 0.0383685
60 0.0386465
60 -0.0421375
60 -0.06335
60 0.0636115
60 0.07033
60 -0.0784995
60 -0.0788655
60 -0.175508
60 -0.610165
60 3.2e-05
61 -0.000376
61 0.0008955
61 0.0010755
61 0.0023885
61 0.002498
61 -0.002783
61 -0.002848
61 0.0054875
61 -0.007656
61 -0.0084535
61 -0.0088445
61 -0.0101415
61 0.0101905
61 0.0127235
61 0.013076
61 -0.013895
61 0.0148385
61 -0.0148565
61 -0.017605
61 -0.0230655
61 0.0232795
61 -0.0268645
61 0.027729
61 -0.029254
61 -0.0294085
61 -0.029472
61 -0.0320705
61 0.0334495
61 0.0360285
61 0.049022
61 -0.05098
61 -0.0519155
61 0.0585685
61 0.077727
61 0.101593
61 -0.166428
61 0.189688
61 -1.12341
62 -0.000174
62 0.0004385
62 0.000693
62 -0.000887
62 0.0010015
62 -0.0010305
62 -0.001553
62 0.0016845
62 -0.002798
62 0.0030425
62 -0.003139
62 0.003187
62 0.004018
62 0.0056405
62 -0.007223
62 0.0073155
62 -0.007755
62 -0.011243
62 0.0118275
62 -0.0123815
62 -0.016654
62 0.0166895
62 -0.016869
62 0.0180465
62 -0.01842
62 0.0210955
62 -0.0371375
62 0.0398315
62 -0.0427835
62 -0.0478305
62 -0.055193
62 -0.061451
62 0.0624055
62 -0.074087
62 0.0827425
62 -0.084532
62 -0.104534
62 -0.158788
62 0.213506
62 -0.33599
63 -0.000227
63 0.00248
63 -0.002952
63 0.0046985
63 -0.0065395
63 -0.007577
63 -0.0089075
63 -0.010136
63 0.0108285
63 -0.013605
63 -0.01405
63 0.019046
63 0.022185
63 -0.0227865
63 0.024079
63 -0.025931
63 -0.025937
63 0.026658
63 0.042374
63 -0.048221
63 -0.070526
63 -0.077505
63 0.094309
64 0.0001215
64 0.0001745
64 -0.0006425
64 0.001093
64 0.001256
64 -0.001427
64 -0.001807
64 -0.001922
64 -0.002048
64 0.003353
64 -0.0034675
64 0.0047655
64 -0.005324
64 0.0071925
64 -0.0076555
64 0.007861
64 -0.010004
64 -0.010092
64 0.01031
64 -0.010373
64 0.012675
64 0.013072
64 0.0142705
64 0.018538
64 -0.0205185
64 -0.023818
64 -0.026131
64 -0.0283995
64 0.0293
64 0.02941
64 -0.032211
64 0.0332775
64 -0.033449
64 -0.033475
64 -0.0342855
64 -0.0387335
64 -0.039083
64 0.0433345
64 -0.0450355
64 -0.0605115
64 -0.07511
64 -0.079952
64 0.158167
64 -0.181276
64 0.238925
64 0.304001
64 -0.678745
64 -0.78379
65 0.000271
65 -0.001542
65 0.0015545
65 0.0016015
65 0.001701
65 -0.0017405
65 -0.001883
65 -0.002075
65 -0.0028185
65 0.0030315
65 0.003395
65 -0.003674
65 0.003734
65 0.004031
65 0.005689
65 0.007526
65 -0.0097585
65 0.010247
65 -0.010961
65 -0.0114895
65 0.0128965
65 0.0133425
65 0.014623
65 -0.0146425
65 0.0175575
65 0.0189775
65 0.02109
65 0.022682
65 0.0234725
65 0.0257385
65 0.0296995
65 0.0297365
65 -0.0374245
65 -0.057459
65 0.075157
65 0.079258
65 -0.141915
65 -0.144361
65 0.386078
65 0.682827
65 -0.690415
65 -0.75605
